MAE: 84.98183219172603
RMSE: 165.7567027959001
R²: 0.8068375824081635